Thickness_ft	Bulk Density_gg per cc	Resistivity_ohmsm	Effective Porosity_Fraction	Clay Volume_Fraction	Water Saturation_Fraction	TOC_Fraction
219.7137448	2.41515072	3.15184064	0.0669732	0.2289488	0.4664864	0.057828315
160.3086056	2.43089856	3.16033016	0.0347904	0.2970784	0.5443288	0.051316125
149.9449344	2.42466528	4.0879332	0.0621672	0.31172	0.4267128	0.055787865
209.8118896	2.39423232	2.88925104	0.08748	0.2279576	0.479112	0.057744855
167.4921632	2.42024448	2.88188576	0.0576636	0.302924	0.523564	0.05215437
233.5362064	2.41225152	2.93263048	0.0662412	0.2295688	0.4678584	0.058086195
124.4797	2.41733952	3.4598252	0.0545328	0.2885256	0.4493368	0.05392977
167.4921632	2.42024448	2.88188576	0.0576636	0.302924	0.523564	0.05215437
140.5978512	2.39150304	3.24745408	0.0839496	0.2647848	0.3680968	0.0557166
208.976196	2.38772736	2.37580512	0.094164	0.2708344	0.4684704	0.05695254
116.238684	2.41471968	2.77917016	0.0494904	0.3142152	0.3918208	0.052847415
164.6897464	2.44313088	3.46731528	0.0400608	0.3275088	0.5488352	0.05340033
164.6897464	2.44313088	3.46731528	0.0400608	0.3275088	0.5488352	0.05340033
135.9359744	2.43134688	4.0567488	0.0493848	0.3325312	0.4646608	0.052913865
112.9632328	2.43255936	4.00535928	0.04173	0.3247816	0.474928	0.043262085
162.0536984	2.39077728	3.60454848	0.0938064	0.1698224	0.4067944	0.05637522
98.4463256	2.45430144	4.03448448	0.046572	0.2864608	0.5418888	0.05810571
140.2783328	2.41231584	4.056416	0.0607812	0.2861384	0.3884264	0.056070555
128.7091552	2.42670528	5.20502944	0.0482916	0.2518768	0.4288448	0.048513765
134.8084592	2.41979808	3.82148832	0.0510696	0.2478304	0.4409304	0.045786345
96.1943728	2.43956832	3.8806404	0.063042	0.1915552	0.4000344	0.05190531
127.4982424	2.4165168	3.42594928	0.0757752	0.247148	0.3645336	0.058215675
64.593756	2.4359088	7.13090144	0.0507564	0.3323688	0.3533128	0.05418585
158.5878176	2.3943168	3.88513528	0.088626	0.204188	0.4062448	0.05620566
147.314636	2.4067488	3.84755488	0.0710952	0.2743264	0.4499792	0.0556938
143.5598512	2.39584704	2.61280968	0.0808404	0.220796	0.3826872	0.056881455
140.254956	2.3962416	2.72990952	0.0793068	0.2302656	0.3719912	0.05653821
160.1748904	2.43648864	3.07903024	0.039402	0.307776	0.5118472	0.050595135
100.98078	2.40895008	4.01115	0.0729552	0.2513408	0.3616008	0.0526416
109.6573368	2.43153696	3.45830264	0.04842	0.2179784	0.4343064	0.05180301
109.2559696	2.43222816	3.55970576	0.0483828	0.2133384	0.4281872	0.051735165
180.8708984	2.4379536	3.02731416	0.046992	0.3139432	0.5190472	0.0563151
159.7997192	2.4266064	3.1244512	0.056418	0.292936	0.5109752	0.052424715
150.8331424	2.42336448	2.8002832	0.0560988	0.226256	0.5032928	0.05166912
168.477112	2.42028576	2.92733688	0.057852	0.307812	0.521612	0.052387455
140.5546144	2.43063744	5.54888984	0.0809388	0.2321744	0.2919344	0.058956225
142.0377688	2.42336448	3.94062448	0.0572796	0.298408	0.4435768	0.05494293
101.2015808	2.47522848	3.017378	0.0394608	0.2667568	0.6111048	0.0581196
225.2370608	2.41941312	2.48655888	0.072186	0.2070224	0.5225752	0.055730925
67.5200624	2.45694432	4.7990488	0.0457572	0.3023128	0.5670368	0.057493095
151.860388	2.40648672	3.25291824	0.074994	0.2445032	0.4151368	0.055871025
165.710388	2.42006016	2.7716468	0.05739	0.2943048	0.525724	0.051706875
135.1526856	2.43894432	3.88395592	0.0503124	0.3138664	0.4860744	0.05169498
139.3744752	2.42917152	3.19519304	0.054084	0.3310136	0.4438864	0.05452038
133.4762576	2.42399904	4.49239856	0.0581064	0.2246112	0.3130816	0.05415123
137.447168	2.393304	3.52332656	0.0803412	0.2610288	0.3655248	0.05536932
145.753796	2.4241392	3.647306	0.0644508	0.2777208	0.4269656	0.056150115
115.1265016	2.41716096	3.91456832	0.0591648	0.2263328	0.4000776	0.05544777
141.0777224	2.42052096	3.63388584	0.0667308	0.2782088	0.431396	0.04270017
146.9474856	2.44197024	3.64234	0.06141	0.3000952	0.4628784	0.038093385
132.1628664	2.42500608	4.97795376	0.0808596	0.2377952	0.2934136	0.056732595
124.2799072	2.41444704	4.12799816	0.078324	0.2458216	0.3460032	0.05247486
141.0777224	2.42052096	3.63388584	0.0667308	0.2782088	0.431396	0.04270017
132.2694336	2.41895136	3.85565544	0.0561324	0.2457808	0.4336224	0.045981465
141.3855712	2.43325056	4.8294844	0.0648048	0.2028192	0.3216576	0.05721486
132.1628664	2.42500608	4.97795376	0.0808596	0.2377952	0.2934136	0.056732595
162.0536984	2.39077728	3.60454848	0.0938064	0.1698224	0.4067944	0.05637522
133.2016848	2.43715584	3.8497628	0.0605808	0.2295968	0.37338	0.057319755
139.1884888	2.43125856	5.33967096	0.05766	0.2857536	0.4339752	0.051344775
120.0615112	2.41769568	3.69856552	0.0643512	0.2363176	0.399028	0.056955225
139.8434328	2.44278336	4.34439096	0.0466656	0.2887224	0.4808288	0.043249425
100.9195376	2.42850528	3.61609144	0.0652656	0.2001192	0.3851952	0.054971415
213.5284912	2.39182176	2.4560536	0.0869832	0.2915808	0.4577496	0.05627148
106.3105592	2.42434272	4.64635704	0.0582504	0.2809336	0.383992	0.05282307
350.0680176	2.43962976	2.30872928	0.0568356	0.3975224	0.570528	0.044056005
151.8324832	2.3987184	2.29819512	0.0798348	0.2669152	0.3758944	0.056265135
143.1015872	2.432712	5.79167056	0.0800112	0.2296688	0.2964224	0.0594696
354.9860592	2.4667104	2.0361068	0.0377784	0.1708456	0.5779728	0.03480621
203.2946656	2.45992608	3.13018784	0.031824	0.2973432	0.5284664	0.05673933
171.5317264	2.42242176	2.91118984	0.058734	0.2888128	0.5033304	0.05626152
163.3229984	2.40379872	3.47817496	0.0700512	0.2998008	0.4522304	0.05509668
154.0075808	2.43594528	2.99275496	0.0411804	0.302368	0.5067136	0.050983875
211.0892336	2.38686048	2.45600056	0.0953196	0.2466776	0.4823616	0.057517605
224.2728272	2.41274688	2.80390032	0.059754	0.3301232	0.5167496	0.05106231
166.5890504	2.4224928	2.9608228	0.057498	0.3035256	0.5171928	0.052532655
176.1389528	2.40839424	2.57346336	0.0729768	0.2249912	0.4425112	0.05421747
169.7837888	2.41835136	3.103152	0.0579468	0.3230384	0.5218712	0.05255949
145.449304	2.43171648	3.2160752	0.0566484	0.3404808	0.4450352	0.054507585
174.57876	2.41399584	3.14215824	0.0617832	0.3263168	0.4961664	0.054044985
164.7509032	2.428488	3.57136312	0.051528	0.3288176	0.523264	0.05506272
55.1053528	2.43308736	6.36737712	0.0542964	0.3405776	0.3174616	0.050359455
55.1053528	2.43308736	6.36737712	0.0542964	0.3405776	0.3174616	0.050359455
77.086072	2.46793344	15.9706248	0.0189216	0.2854848	0.683304	0.038564175
225.2607664	2.4088176	2.61786096	0.0681768	0.263272	0.5022752	0.057513195
50.2187528	2.47205952	5.72607464	0.0632232	0.3217728	0.311556	0.03306321
65.0038512	2.43586176	7.58316208	0.051156	0.3305296	0.3618632	0.054859245
143.5472776	2.4293184	5.32447448	0.0660948	0.2109672	0.2987184	0.05598984
209.2572752	2.38631232	2.41480096	0.096054	0.260896	0.47558	0.05722167
348.69624	2.44066176	4.93747592	0.0513888	0.2384856	0.5687584	0.051220815
175.8218504	2.39550432	2.56139208	0.073164	0.2400912	0.4061856	0.05346636
127.4982424	2.4165168	3.42594928	0.0757752	0.247148	0.3645336	0.058215675
57.798212	2.48032608	7.35549464	0.042606	0.394968	0.4163272	0.043829685
57.798212	2.48032608	7.35549464	0.042606	0.394968	0.4163272	0.043829685
106.3105592	2.42434272	4.64635704	0.0582504	0.2809336	0.383992	0.05282307
228.436328	2.41461408	3.23110216	0.0619752	0.2429024	0.4910976	0.05794302
179.0519896	2.4103008	3.12546832	0.0273336	0.196412	0.6214736	0.051597525
116.691992	2.434152	3.35718656	0.0462312	0.272936	0.4783968	0.05159091
145.449304	2.43171648	3.2160752	0.0566484	0.3404808	0.4450352	0.054507585
142.1350832	2.43679392	3.8865684	0.0529464	0.3026984	0.4891296	0.052102785
118.8348632	2.39962848	4.0158924	0.0879684	0.260536	0.329096	0.056310735
160.5464968	2.39777088	3.9145132	0.0673812	0.2017768	0.3485576	0.054663015
123.59314	2.40953088	4.08232656	0.0781044	0.24928	0.3719704	0.05104158
127.4982424	2.4165168	3.42594928	0.0757752	0.247148	0.3645336	0.058215675
94.684436	2.4461472	3.36907688	0.054582	0.2637336	0.452736	0.05604918
76.0902408	2.42562144	3.40597816	0.0252612	0.2543352	0.3095352	0.056030505
408.1541752	2.49914016	1.76797192	0.0215664	0.3362896	0.6227912	0.0363195
177.68772	2.40618144	3.05134544	0.0714864	0.2474864	0.437628	0.0552984
223.7593992	2.41495776	3.4842496	0.0630708	0.240108	0.4714848	0.058447515
237.184204	2.41339968	2.38876144	0.0823536	0.204624	0.5108056	0.05373567
129.8199584	2.42210016	4.86907304	0.078636	0.2422896	0.303344	0.055235715
129.3112912	2.41759008	4.81086632	0.076152	0.2496784	0.3152552	0.053854755
146.3647584	2.4278592	3.67508648	0.0645564	0.2822288	0.4436768	0.041558925
148.0774656	2.42353152	3.97190872	0.062982	0.2998464	0.42218	0.05598828
146.6765744	2.45344224	4.31059512	0.0442296	0.305692	0.5106064	0.037638525
146.6765744	2.45344224	4.31059512	0.0442296	0.305692	0.5106064	0.037638525
140.2411624	2.42049408	3.79488616	0.0375012	0.256464	0.4492528	0.04731999
121.5197752	2.43285024	3.3005492	0.0496776	0.2778464	0.4681056	0.052752015
139.287036	2.42501184	4.44206464	0.0625644	0.209636	0.3156568	0.05609955
160.5464968	2.39777088	3.9145132	0.0673812	0.2017768	0.3485576	0.054663015
125.133728	2.41727232	4.7579844	0.073764	0.2462744	0.3321096	0.05289183
118.6394896	2.41692192	3.73992008	0.0624372	0.2346296	0.402744	0.05673984
131.5049072	2.39667552	3.30237648	0.076062	0.2909584	0.3443208	0.055305615
127.3822752	2.445024	3.86348248	0.0511224	0.251088	0.4848232	0.045476625
167.5880368	2.41904064	3.34800128	0.0561156	0.332064	0.5238248	0.052566375
202.3015992	2.46761952	3.74534576	0.0214068	0.3034776	0.6547936	0.052225215
132.6225584	2.42425344	4.26190856	0.05862	0.2261384	0.3125872	0.054617625
238.23064	2.4234144	2.51182672	0.053718	0.340492	0.5526992	0.05032095
139.4581784	2.43802656	3.43322304	0.0535596	0.3351344	0.4645864	0.053372685
163.8047488	2.43102912	3.21290216	0.033714	0.2964344	0.5481368	0.05113161
148.9744384	2.3894544	2.96265944	0.0868992	0.2480232	0.3805248	0.05608497
132.195288	2.42531712	4.98601064	0.081498	0.2369704	0.292824	0.05707782
132.195288	2.42531712	4.98601064	0.081498	0.2369704	0.292824	0.05707782
122.4280392	2.40553728	3.70283576	0.0816756	0.2562264	0.3489688	0.057766095
124.5199704	2.40716256	4.47625984	0.0678744	0.2655256	0.3801608	0.047385735
124.5199704	2.40716256	4.47625984	0.0678744	0.2655256	0.3801608	0.047385735
92.7967528	2.4764592	2.74181856	0.0409392	0.2674264	0.6001128	0.057803805
196.917944	2.4066288	2.7788124	0.071178	0.272892	0.4326152	0.057188055
69.294812	2.43847296	6.16986552	0.046194	0.3371888	0.354272	0.05142492
156.5109008	2.43252096	3.07434816	0.0376968	0.298772	0.5291032	0.051372135
224.604956	2.40623616	3.3972796	0.0717648	0.2311248	0.4450448	0.058363395
109.2559696	2.43222816	3.55970576	0.0483828	0.2133384	0.4281872	0.051735165
61.0997984	2.43555552	6.37395408	0.049104	0.3380088	0.3269472	0.0496827
104.814148	2.4536016	3.77644488	0.0515664	0.2602	0.501004	0.05788452
152.7115848	2.38948992	3.10379472	0.0877764	0.232948	0.388516	0.056184525
191.7539184	2.40399648	2.14981	0.0408996	0.2062232	0.6042704	0.051594795
195.25542	2.42272032	3.05325384	0.0906048	0.2414888	0.4855616	0.055826475
144.4209232	2.43125664	4.876976	0.0744924	0.2262928	0.2930048	0.058529715
131.4095336	2.4190368	3.83250088	0.0516204	0.2952616	0.4409888	0.055074285
148.0073488	2.45374848	4.37870056	0.0441948	0.3025168	0.5089184	0.038035245
142.8467648	2.41205088	3.7137776	0.0480972	0.2623888	0.4210352	0.04826376
125.229004	2.41251264	4.95846	0.0652644	0.2578104	0.37484	0.04937895
147.6376096	2.43390624	5.97187864	0.0705348	0.2117688	0.300364	0.058379355
140.334216	2.43394944	4.26343736	0.0509844	0.3103072	0.4792536	0.052015275
220.0987792	2.44837632	2.90688528	0.0427248	0.2689552	0.4881104	0.05744598
135.8023192	2.43310464	4.16342888	0.048708	0.3303296	0.4729304	0.05223552
138.655908	2.416248	3.81602416	0.0488868	0.2497184	0.4373696	0.045987375
54.9383728	2.43408	7.11791704	0.0554496	0.3260248	0.3734328	0.05491644
96.67406	2.42998176	4.68042016	0.0656364	0.2569968	0.360836	0.05622285
62.9018312	2.4418128	5.32225928	0.0523284	0.3162496	0.5117352	0.057016935
120.7142336	2.42408256	4.27451336	0.0380124	0.2982728	0.4842176	0.04081245
120.7142336	2.42408256	4.27451336	0.0380124	0.2982728	0.4842176	0.04081245
151.9957032	2.39527104	2.7376284	0.0810972	0.15842	0.3996616	0.057043155
151.9957032	2.39527104	2.7376284	0.0810972	0.15842	0.3996616	0.057043155
172.2411624	2.41834368	3.2561724	0.0619296	0.2830328	0.4524752	0.05075907
136.5562992	2.438712	3.94485312	0.0508788	0.3126912	0.4856224	0.051785385
139.4640744	2.41750272	3.7846796	0.0446568	0.2521304	0.4422176	0.046332675
62.9588136	2.435304	7.58963088	0.052152	0.32974	0.3589024	0.054815295
146.4505128	2.40513792	3.96722872	0.0728124	0.2683784	0.4424672	0.05582178
231.8529296	2.4195408	2.78530096	0.065862	0.2828056	0.5067048	0.051191895
153.3420408	2.4054144	3.20965008	0.07626	0.2448784	0.4171584	0.055961175
153.3420408	2.4054144	3.20965008	0.07626	0.2448784	0.4171584	0.055961175
127.1114504	2.42785728	5.08919528	0.047664	0.2481344	0.4252424	0.04870215
145.654956	2.4323472	5.1900004	0.0734628	0.2227112	0.2940776	0.0586515
94.471124	2.429232	3.78694576	0.0755808	0.2113872	0.3726208	0.05490816
148.9053952	2.40636384	3.92695368	0.0729336	0.2390752	0.4283312	0.056123115
173.0192016	2.3984304	3.3332416	0.0902712	0.1695424	0.4434776	0.05586927
137.8644896	2.42495616	3.8074504	0.0797856	0.271324	0.3703288	0.05108319
105.189844	2.41108608	5.75953144	0.0682572	0.2941608	0.3008664	0.053020065
452.2696288	2.41812576	5.30391368	0.0654084	0.2068984	0.3585192	0.035312205
180.366296	2.39486976	2.16103056	0.0718392	0.255764	0.4120576	0.053881095
124.5523928	2.41654368	4.61319664	0.0629856	0.2476152	0.3792704	0.050198835
124.5523928	2.41654368	4.61319664	0.0629856	0.2476152	0.3792704	0.050198835
121.6237552	2.432736	3.44072456	0.0430356	0.3278584	0.4748144	0.050942775
160.1061648	2.45729376	4.42870792	0.0500688	0.2931672	0.4928488	0.03911262
127.1114504	2.42785728	5.08919528	0.047664	0.2481344	0.4252424	0.04870215
126.5417848	2.4399744	3.66569528	0.0574884	0.2468264	0.4131368	0.057112515
128.5888672	2.44104288	3.55070248	0.0590208	0.2425072	0.411892	0.057477225
130.270276	2.41206048	4.2044392	0.0734676	0.212688	0.4245272	0.05308293
165.2791752	2.42420064	3.16814888	0.053526	0.3261064	0.5301264	0.051756855
125.3108152	2.41586592	4.0693224	0.0733476	0.245032	0.3633448	0.051094845
133.03186	2.3995392	2.95974848	0.0708204	0.3069488	0.3491528	0.055396155
123.8149416	2.40851424	4.62918352	0.072318	0.2651344	0.33806	0.05061645
163.0458008	2.43307488	3.16066296	0.0354252	0.3016272	0.5364056	0.05096361
210.6709472	2.46045216	3.00664	0.0328572	0.2905184	0.5067912	0.057110715
226.804468	2.4074544	3.45466992	0.0702288	0.2315608	0.4490096	0.0584346
59.46734	2.43453696	6.78645136	0.0530796	0.332456	0.3437616	0.053523825
143.5989744	2.42133216	3.53956928	0.065964	0.2651656	0.4383208	0.05615265
55.5789736	2.4799968	7.86763224	0.0613524	0.32874	0.2744544	0.030830415
106.8007936	2.38911744	3.88245104	0.0925368	0.2671688	0.3479832	0.05560914
165.7564816	2.4335424	3.53484352	0.045762	0.345444	0.5343272	0.05441382
170.6351072	2.3961072	2.7438996	0.073764	0.231296	0.4067664	0.05301705
75.3796144	2.44381152	1.73021368	0.0301476	0.3243528	0.5017928	0.04386219
130.562256	2.43875808	4.94342368	0.0349464	0.2510128	0.453592	0.04818033
148.2230712	2.40989856	3.4825596	0.0705516	0.2398584	0.4309976	0.05624859
131.7187376	2.40502176	4.69959984	0.0752208	0.2478088	0.3680576	0.050864145
137.919812	2.39781792	4.31548832	0.0619548	0.2319808	0.3218936	0.055619925
148.9053952	2.40636384	3.92695368	0.0729336	0.2390752	0.4283312	0.056123115
139.8434328	2.44278336	4.34439096	0.0466656	0.2887224	0.4808288	0.043249425
123.4812504	2.40789312	4.6670624	0.0715128	0.2654608	0.3456656	0.050028405
104.8031864	2.4524016	4.04963624	0.0482868	0.2786672	0.5250416	0.05813433
91.49328	2.48108256	2.7296984	0.039078	0.2674992	0.6183008	0.057840015
164.4999752	2.40921696	3.6109632	0.0600816	0.331828	0.4854328	0.054496515
109.2559696	2.43222816	3.55970576	0.0483828	0.2133384	0.4281872	0.051735165
230.7630616	2.41209504	3.51620568	0.0644088	0.2352248	0.4755888	0.058179855
230.7630616	2.41209504	3.51620568	0.0644088	0.2352248	0.4755888	0.058179855
229.2314944	2.41033728	2.67834944	0.0614232	0.3470856	0.5249992	0.05111382
146.8201416	2.389728	2.98152712	0.0864564	0.2542096	0.3765536	0.056020245
126.8671384	2.41532256	4.94764712	0.0730104	0.2524136	0.3338424	0.052482495
219.4758304	2.39246688	2.51742504	0.0891444	0.2283264	0.4889752	0.057790275
225.3001712	2.4159888	2.81324472	0.0592536	0.3239192	0.5143776	0.050976285
103.6458744	2.43628032	3.46301384	0.04926	0.2437368	0.4638208	0.052576785
166.129932	2.4379104	3.53073344	0.0428592	0.3469816	0.5425728	0.05431413
137.8286376	2.40946944	4.05356016	0.0606072	0.2791808	0.3794	0.056097375
196.917944	2.4066288	2.7788124	0.071178	0.272892	0.4326152	0.057188055
126.8703368	2.42480928	4.25893728	0.0514812	0.2448112	0.4202288	0.048247905
126.5074704	2.4231696	5.1440688	0.052668	0.2504264	0.4125344	0.048861345
56.0492672	2.4648672	7.35348224	0.0463536	0.4011736	0.3790976	0.04417974
62.0969544	2.43608064	6.24842712	0.0480432	0.3383576	0.33098	0.048994245
143.5295776	2.4391056	5.21041768	0.0691656	0.210224	0.3359776	0.058972335
139.7636112	2.43361152	5.09394912	0.0581448	0.2875184	0.439116	0.05102529
94.2392456	2.44985184	4.11970416	0.0480216	0.2938424	0.5308664	0.05804988
137.6294312	2.39446176	4.35083688	0.0629508	0.2400704	0.3379376	0.05586657
136.262268	2.41745664	3.84066072	0.0516852	0.2475088	0.4379288	0.04575231
233.2045656	2.44756608	2.74981928	0.0404784	0.37256	0.5163264	0.050272515
104.087988	2.4316848	4.95936688	0.036192	0.3452144	0.4557504	0.03992685
104.087988	2.4316848	4.95936688	0.036192	0.3452144	0.4557504	0.03992685
141.6626224	2.4377856	3.86246328	0.0530112	0.308316	0.4879776	0.052189575
164.6897464	2.44313088	3.46731528	0.0400608	0.3275088	0.5488352	0.05340033
165.2890744	2.40548352	3.39936896	0.0678708	0.3040904	0.4595576	0.055027425
120.4989376	2.45438688	4.28665848	0.0447792	0.272224	0.4721376	0.042159285
152.8222288	2.42860896	3.57501144	0.0595596	0.3298608	0.4505176	0.05487711
101.787152	2.45416992	3.74610288	0.0518388	0.2597936	0.4990584	0.057776175
106.3105592	2.42434272	4.64635704	0.0582504	0.2809336	0.383992	0.05282307
198.7029296	2.42314656	2.81255936	0.090924	0.232084	0.5085616	0.05525094
127.1114504	2.42785728	5.08919528	0.047664	0.2481344	0.4252424	0.04870215
126.4042968	2.4207984	3.64819832	0.068322	0.3055232	0.4193656	0.040391205
129.5055176	2.42720736	3.223402	0.0681696	0.2403616	0.3902864	0.058126755
174.4892336	2.4190608	2.95664616	0.059784	0.3259344	0.5003536	0.053858205
107.9835568	2.40790656	4.26680488	0.0853236	0.2299328	0.390068	0.0536616
222.0494384	2.39532576	2.56938864	0.0778596	0.305472	0.4578256	0.055496835
139.885852	2.43307488	4.318548	0.0505512	0.3160624	0.4756496	0.052154775
120.2251584	2.42097792	3.56518864	0.0441168	0.2437376	0.3479096	0.053374785
125.4530032	2.41106208	3.60360728	0.07944	0.2519776	0.3527248	0.05808966
97.2998776	2.40422784	5.27092176	0.08028	0.284236	0.2470952	0.052692
141.8140136	2.41890816	3.79314728	0.0622692	0.277676	0.4316024	0.055385205
224.5602296	2.41346112	3.1193292	0.0673452	0.2276904	0.463388	0.05796666
164.220508	2.42590464	3.1875116	0.0525468	0.3221432	0.5294648	0.05168472
166.458508	2.40929664	3.33940152	0.0629016	0.3172664	0.4763976	0.054843
219.1444584	2.3931888	2.63736512	0.0886536	0.223724	0.480676	0.057841755
164.3981568	2.40662016	3.5821136	0.0625992	0.3253136	0.4764208	0.054654435
111.5812008	2.40246432	3.39339728	0.0625584	0.3055256	0.3688576	0.047517765
111.5812008	2.40246432	3.39339728	0.0625584	0.3055256	0.3688576	0.047517765
60.2653992	2.43511392	6.4233884	0.0500544	0.3375208	0.3249904	0.050367345
101.2015808	2.47522848	3.017378	0.0394608	0.2667568	0.6111048	0.0581196
269.3806888	2.42614272	2.53548256	0.0529572	0.3536536	0.55494	0.04929402
117.630664	2.44199712	2.70433904	0.0494712	0.3367888	0.5296624	0.040881885
248.2844968	2.40761472	2.42079344	0.0675936	0.3361264	0.5177568	0.05149584
141.6626224	2.4377856	3.86246328	0.0530112	0.308316	0.4879776	0.052189575
224.4840088	2.4034608	2.6158236	0.0752556	0.2498312	0.4970408	0.05769855
163.2112184	2.427192	3.19923344	0.0519036	0.3152552	0.5273128	0.0516492
226.804468	2.4074544	3.45466992	0.0702288	0.2315608	0.4490096	0.0584346
93.6178464	2.41745568	2.51354168	0.054792	0.3782272	0.4927992	0.045151845
55.164056	2.42615904	7.25750064	0.0555264	0.36804	0.280916	0.04176912
112.6663088	2.43177696	4.14565112	0.0422592	0.3250144	0.4697192	0.043766205
109.2633304	2.42965344	4.014348	0.0481932	0.2756336	0.4536232	0.04986501
209.6541752	2.38674624	2.46945712	0.0955848	0.2524656	0.4801384	0.057444945
166.7260864	2.41982976	2.81154848	0.0573564	0.3027896	0.5266784	0.05173404
218.0451416	2.422464	2.6563316	0.0656688	0.220088	0.5156512	0.05673237
146.4360472	2.42653824	4.11592168	0.0584232	0.3253896	0.4280352	0.055305795
124.835828	2.41825632	4.73092984	0.0750888	0.2447696	0.3275352	0.05325405
133.3611576	2.42162112	3.80128528	0.0513948	0.2478328	0.4408488	0.04590492
95.7854984	2.43826944	3.77390208	0.0650736	0.1957048	0.4010256	0.051979245
167.3487912	2.4005712	2.982954	0.0690048	0.245744	0.4129272	0.05181516
126.9272952	2.43022176	3.48128456	0.0627612	0.2409824	0.4097752	0.057693765
133.440784	2.4115152	3.69670184	0.0695676	0.2735056	0.4113944	0.04394679
153.7878176	2.40828768	3.46711352	0.0717264	0.2270224	0.4114984	0.055845915
147.9520752	2.43333024	3.21714328	0.0566892	0.3418328	0.4554976	0.054166545
131.2758304	2.41513728	15.37591848	0.0733068	0.2512776	0.3454808	0.05170983
75.5634888	2.45649984	2.0023952	0.0195444	0.3005544	0.622756	0.041358405
146.0328368	2.42905728	3.72591752	0.0538728	0.2611816	0.4874216	0.05226345
146.0328368	2.42905728	3.72591752	0.0538728	0.2611816	0.4874216	0.05226345
220.7944584	2.39402592	2.33612704	0.083682	0.2705856	0.4908456	0.0572172
213.3242672	2.45899872	3.03962568	0.0338916	0.28184	0.507072	0.05716872
152.614636	2.44076544	3.01986048	0.048306	0.3038608	0.4651696	0.04979736
141.6085328	2.43164544	4.30245296	0.0513588	0.3091776	0.4733	0.052433925
227.7859864	2.39560896	2.67887672	0.075906	0.3048496	0.4602656	0.05500419
135.8023192	2.43310464	4.16342888	0.048708	0.3303296	0.4729304	0.05223552
149.8599976	2.43698976	2.9317288	0.0441636	0.3002864	0.4927768	0.051026505
141.6626224	2.4377856	3.86246328	0.0530112	0.308316	0.4879776	0.052189575
136.2034424	2.43784416	3.98641568	0.0502992	0.3141032	0.4851168	0.05168085
173.7638792	2.43181536	3.12244088	0.0511548	0.3124592	0.5193064	0.056075565
133.6821168	2.39492448	3.06916376	0.0803772	0.294312	0.35128	0.055926945
222.3838376	2.39638944	2.3526932	0.0804012	0.2743808	0.4930936	0.05714205
141.7749144	2.42667648	5.07506896	0.0642648	0.2135432	0.2995128	0.054804255
142.8727416	2.42784192	5.1884456	0.0650748	0.2106736	0.2987272	0.05528049
142.8727416	2.42784192	5.1884456	0.0650748	0.2106736	0.2987272	0.05528049
198.7191528	2.47155648	3.43128656	0.0189072	0.3222496	0.6595824	0.0523557
109.9208744	2.43419328	4.21249608	0.0477864	0.2136568	0.4080976	0.051618045
166.7734376	2.40791232	3.39922024	0.0839388	0.2236272	0.4281808	0.05578179
132.4115968	2.42809056	3.24109344	0.051906	0.3104232	0.4509864	0.054116685
227.4129152	2.42014272	2.80362992	0.0592584	0.3159992	0.5121984	0.05089761
167.7983888	2.41991712	3.18039176	0.056178	0.327764	0.5266936	0.052230375
154.5726808	2.42495712	2.9655444	0.0560004	0.2517624	0.5124856	0.051822555
127.1882568	2.43937536	3.38329472	0.0493524	0.303692	0.4828832	0.052145955
172.0443728	2.4004896	3.3146932	0.0879396	0.1854304	0.4421632	0.055801575
121.8640384	2.4264096	3.92817984	0.0564036	0.2454608	0.4295048	0.05695257
133.7792728	2.4234	4.58455192	0.0579912	0.2247312	0.3137816	0.053873235
160.154724	2.39397504	3.90778856	0.090732	0.1905352	0.4080312	0.056230665
132.4115968	2.42809056	3.24109344	0.051906	0.3104232	0.4509864	0.054116685
157.8717776	2.45618112	3.9303212	0.0541764	0.298552	0.4911368	0.037141875
138.7190552	2.393832	4.34848336	0.0627636	0.232668	0.3277624	0.05567916
167.2024784	2.4203904	3.27952456	0.055446	0.3308416	0.5267688	0.052328085
164.5631224	2.4237744	2.99566488	0.057156	0.2993648	0.5155168	0.05249316
221.0737552	2.41636896	3.42114344	0.0621564	0.2467696	0.4660616	0.05859969
165.4114744	2.40630048	3.41490344	0.0652596	0.3135464	0.4676256	0.05489046
153.6593752	2.44032768	3.80293576	0.0604164	0.2881112	0.4620912	0.03947643
153.6593752	2.44032768	3.80293576	0.0604164	0.2881112	0.4620912	0.03947643
97.4578432	2.42592672	3.30152888	0.0566736	0.2505936	0.4696168	0.054220515
143.0335936	2.43201504	4.152746	0.0521928	0.2942216	0.4800424	0.052241445
219.4758304	2.39246688	2.51742504	0.0891444	0.2283264	0.4889752	0.057790275
97.3893856	2.41765056	4.26981568	0.0860784	0.2347184	0.3654704	0.05490726
144.8953976	2.4233904	3.50770992	0.065322	0.2668496	0.4290136	0.05621007
105.3718992	2.4651888	3.2348212	0.0444864	0.2646608	0.563316	0.058075485
105.3718992	2.4651888	3.2348212	0.0444864	0.2646608	0.563316	0.058075485
63.8421568	2.4355872	7.36374912	0.0514824	0.3310808	0.3558864	0.05452536
237.873364	2.40856032	2.38931992	0.0825444	0.2123776	0.5069136	0.05400357
141.0123904	2.4392352	3.62184472	0.053736	0.3319896	0.4732016	0.053014095
145.753796	2.4241392	3.647306	0.0644508	0.2777208	0.4269656	0.056150115
118.6919552	2.42687424	3.32611968	0.0516516	0.2578112	0.4466112	0.053594325
120.1507688	2.454072	4.19837808	0.0442248	0.2746104	0.4744568	0.042242865
133.8756344	2.40826752	4.69117896	0.0730008	0.2390992	0.3977432	0.053044455
132.3119504	2.4181584	4.17784328	0.074706	0.2492816	0.3056792	0.05480625
112.39364	2.43090048	4.8713392	0.0461172	0.3383928	0.4402712	0.044913195
166.6881344	2.43864768	3.51160472	0.0428832	0.3463632	0.5434208	0.054527385
127.4982424	2.4165168	3.42594928	0.0757752	0.247148	0.3645336	0.058215675
153.5143064	2.40298656	3.19254416	0.0780264	0.2450304	0.41436	0.05598018
124.8013064	2.41050336	4.82534104	0.0662928	0.260368	0.3740816	0.048918
146.6770632	2.437296	6.0324264	0.0747504	0.2190448	0.3164344	0.05976756
125.5330936	2.43882624	3.3278856	0.048894	0.2990456	0.483696	0.05208567
148.0774656	2.42353152	3.97190872	0.062982	0.2998464	0.42218	0.05598828
137.0779296	2.40626016	4.3890548	0.0704796	0.2403664	0.3889408	0.04711971
152.9982296	2.40830592	3.3792044	0.0726072	0.2347784	0.4140264	0.05584803
149.1706664	2.40456672	4.02152296	0.0733608	0.2745696	0.441988	0.05569776
126.5331424	2.41403136	4.01799424	0.0700248	0.2462976	0.3990728	0.0487362
127.6828128	2.426952	3.32840768	0.0662808	0.2405384	0.3976352	0.05788689
344.3799808	2.45839296	4.22327048	0.03933	0.2394032	0.5771968	0.04924158
101.246344	2.41082112	5.41865688	0.0724212	0.2643336	0.2829136	0.055450335
101.246344	2.41082112	5.41865688	0.0724212	0.2643336	0.2829136	0.055450335
101.246344	2.41082112	5.41865688	0.0724212	0.2643336	0.2829136	0.055450335
475.9926272	2.40692448	5.31084424	0.0739896	0.2250936	0.3242992	0.0347391
114.4942752	2.43035616	3.34880104	0.0494016	0.2447344	0.4572704	0.05252232
76.845264	2.48277312	4.87431568	0.02559	0.3280888	0.5630456	0.040394865
147.9520752	2.43333024	3.21714328	0.0566892	0.3418328	0.4554976	0.054166545
101.97666	2.44789152	4.10197216	0.0555036	0.257904	0.466424	0.05767836
78.3719296	2.42733024	1.68045072	0.0329472	0.3249728	0.4800192	0.05084346
139.1611576	2.43423264	4.2765632	0.0504168	0.3156528	0.4786936	0.05195502
137.1533568	2.41443552	4.58275584	0.0606276	0.2313152	0.3208736	0.05282973
132.6670536	2.41097184	4.34894408	0.0728184	0.2180352	0.420012	0.052762245
107.2569824	2.43865248	3.36502088	0.0617424	0.2061304	0.4362144	0.04941981
225.1974856	2.44133088	3.03483856	0.0471456	0.254996	0.4872888	0.057565935
222.0256592	2.39315616	2.28693088	0.0834732	0.2778856	0.4883336	0.056980905
126.8593992	2.4395856	3.28982888	0.0470952	0.3123944	0.492372	0.05136036
97.8846432	2.44911744	3.28124576	0.0446004	0.238428	0.5126672	0.05352129
236.1649656	2.4078	2.56220744	0.0653604	0.3437896	0.5199368	0.05146974
126.8593992	2.4395856	3.28982888	0.0470952	0.3123944	0.492372	0.05136036
208.9061768	2.39673408	3.04059704	0.0847956	0.2270736	0.4760352	0.057749535
167.7370608	2.41774848	3.00512368	0.0617964	0.3082504	0.4810848	0.054805215
142.278516	2.41743456	4.58138408	0.06297	0.2196608	0.2989168	0.05312583
144.9529904	2.42290464	3.63694448	0.064692	0.2717616	0.4181264	0.05623053
156.1204464	2.426136	3.43058664	0.0598872	0.3203456	0.4618216	0.05486421
143.9975464	2.42525856	3.73483344	0.064134	0.279572	0.4405768	0.04270041
153.596228	2.4569424	4.4943236	0.0455436	0.297032	0.5047304	0.038771685
118.6394896	2.41692192	3.73992008	0.0624372	0.2346296	0.402744	0.05673984
148.3060184	2.40541728	3.94042792	0.0722652	0.274428	0.4459912	0.055696035
128.7309816	2.40398016	4.68007384	0.0761112	0.2518056	0.3536912	0.05025129
225.8662352	2.4144816	2.82907144	0.061398	0.3125424	0.511116	0.05109387
160.5464968	2.39777088	3.9145132	0.0673812	0.2017768	0.3485576	0.054663015
165.6830808	2.39096256	3.47054864	0.095532	0.1531176	0.412524	0.056409345
106.470044	2.4257856	5.21101152	0.066102	0.255768	0.371136	0.057557265
218.153076	2.42041728	2.79668688	0.065412	0.2390096	0.4716944	0.057675885
162.8770264	2.42231232	3.67156608	0.0571344	0.3104304	0.5109632	0.055287735
139.4581784	2.43802656	3.43322304	0.0535596	0.3351344	0.4645864	0.053372685
139.4581784	2.43802656	3.43322304	0.0535596	0.3351344	0.4645864	0.053372685
70.1635624	2.45809056	8.55617776	0.0193308	0.307356	0.6407416	0.04234905
145.449304	2.43171648	3.2160752	0.0566484	0.3404808	0.4450352	0.054507585
208.180664	2.38894752	2.39269368	0.0928476	0.2753112	0.464984	0.056837655
215.3654056	2.40300096	2.95077016	0.0674916	0.2867432	0.4881672	0.052973895
57.461212	2.43438336	6.93563936	0.0546072	0.329552	0.3602088	0.054374385
233.4615968	2.4493296	2.74290536	0.0381576	0.3828872	0.5189784	0.05025297
137.8286376	2.40946944	4.05356016	0.0606072	0.2791808	0.3794	0.056097375
133.3611576	2.42162112	3.80128528	0.0513948	0.2478328	0.4408488	0.04590492
145.5085448	2.43633408	5.8841016	0.0760344	0.2226224	0.3160472	0.05980812
108.171924	2.43259104	3.46697832	0.0491808	0.204252	0.4256672	0.05192916
108.384412	2.42428416	12.59431784	0.0586764	0.273252	0.2380312	0.05860677
57.12926	2.45715648	7.47676696	0.052458	0.4130832	0.3286344	0.044579685
217.8250736	2.42021568	2.78347264	0.0639828	0.225928	0.5106136	0.05719578
223.1137936	2.44629216	2.97969984	0.0439224	0.2625488	0.4884184	0.05750379
162.8114256	2.41756512	3.10678472	0.0624528	0.3008184	0.4761936	0.05502288
127.949512	2.420904	4.84821168	0.0774456	0.24404	0.311	0.0544935
122.1312008	2.4060816	4.56554592	0.0716328	0.2689592	0.3462608	0.049469535
137.6294312	2.39446176	4.35083688	0.0629508	0.2400704	0.3379376	0.05586657
102.291052	2.44238304	7.3957884	0.0473724	0.296828	0.38762	0.04207128
106.9560304	2.43990336	6.05262424	0.0695124	0.2946104	0.343484	0.04495719
289.5422608	2.43263712	2.54205744	0.047298	0.3951664	0.5822096	0.04816212
126.7296872	2.42940192	4.07210856	0.0538488	0.2709896	0.4296504	0.056302815
143.5783688	2.43085824	4.1463032	0.0524352	0.2917768	0.4773432	0.05242884
98.7934816	2.40480768	5.69675808	0.078528	0.2878208	0.2552232	0.052695
146.072632	2.40751488	3.41579576	0.0715044	0.2469096	0.4356248	0.05615259
156.9514768	2.39148576	3.12846248	0.0888648	0.1932976	0.394232	0.056581665
163.9664304	2.4288192	3.26115504	0.0322092	0.289896	0.5592744	0.05128632
137.1533568	2.41443552	4.58275584	0.0606276	0.2313152	0.3208736	0.05282973
137.1533568	2.41443552	4.58275584	0.0606276	0.2313152	0.3208736	0.05282973
117.3902712	2.40871008	4.20139408	0.08016	0.2212264	0.4045352	0.052726545
223.1137936	2.44629216	2.97969984	0.0439224	0.2625488	0.4884184	0.05750379
70.1635624	2.45809056	8.55617776	0.0193308	0.307356	0.6407416	0.04234905
66.6548096	2.43124704	2.93010432	0.0392772	0.3448168	0.4155688	0.041561085
59.6066224	2.43475872	6.40705	0.0508992	0.33692	0.3249376	0.051019065
59.6066224	2.43475872	6.40705	0.0508992	0.33692	0.3249376	0.051019065
309.689844	2.40830784	2.31621416	0.063534	0.3927488	0.5236584	0.04873332
309.689844	2.40830784	2.31621416	0.063534	0.3927488	0.5236584	0.04873332
266.4368656	2.42207136	2.51102696	0.056112	0.3181392	0.5686352	0.049610685
166.316992	2.4224064	3.14333448	0.054654	0.3272936	0.5296608	0.051860985
157.986792	2.39768256	4.0318356	0.0663948	0.207268	0.334728	0.05429415
139.0321776	2.4319824	5.26969976	0.055662	0.2852712	0.439064	0.05083956
136.5180664	2.40014592	4.00523968	0.0679884	0.2348648	0.3412512	0.0537906
125.3467528	2.41192512	4.82572168	0.0639192	0.2589472	0.38478	0.04848822
133.3312008	2.42162592	4.65311496	0.0572796	0.2270344	0.317368	0.053440635
125.1988768	2.41364064	4.60650112	0.0512436	0.2691768	0.4383488	0.055683
166.8980472	2.40541248	3.42989712	0.0869364	0.2048008	0.425688	0.05589993
124.392944	2.4160992	4.6311772	0.0712212	0.2465952	0.3452168	0.05205582
146.4505128	2.40513792	3.96722872	0.0728124	0.2683784	0.4424672	0.05582178
142.1214352	2.40932064	4.35884904	0.0625644	0.218144	0.2985136	0.05451282
142.1214352	2.40932064	4.35884904	0.0625644	0.218144	0.2985136	0.05451282
110.2664432	2.42082144	5.30331984	0.0585612	0.3041872	0.370056	0.05157156
247.5658448	2.47864032	2.68762728	0.0174324	0.2476064	0.51512	0.05068236
152.7115848	2.38948992	3.10379472	0.0877764	0.232948	0.388516	0.056184525
359.2474608	2.47204896	3.93628976	0.0177444	0.2172272	0.6027728	0.038922015
226.1027096	2.40036768	2.72057032	0.0794508	0.2367016	0.4893592	0.05785344
140.7265504	2.39229696	3.34317776	0.0830016	0.2626232	0.3714784	0.055653615
121.9061768	2.41733568	3.8629344	0.0531144	0.2590504	0.4290888	0.054997725
121.6106448	2.40389472	4.40590696	0.0712476	0.2718456	0.3609808	0.047754075
130.921948	2.4420288	3.61176712	0.052338	0.2494152	0.491144	0.0467601
103.8676272	2.41860288	3.01744248	0.0720084	0.2947176	0.3970784	0.057541575
150.6592776	2.4414768	4.30271296	0.0559524	0.2879896	0.4653896	0.04394739
85.5711304	2.50881216	5.00283784	0.035166	0.249376	0.6436744	0.05763588
226.7852784	2.42168544	2.79399432	0.0567672	0.3285112	0.5151744	0.050792415
204.7416256	2.40575328	2.86682968	0.0752004	0.2296456	0.4406208	0.05724789
129.9872928	2.40897792	4.2735992	0.0589776	0.2533152	0.340808	0.05376783
57.4868656	2.43181248	9.70147464	0.059754	0.3838824	0.2767264	0.04064094
265.4831784	2.42081088	2.50974568	0.0571476	0.305832	0.5694312	0.04969533
259.2393064	2.40621696	2.41069192	0.0697524	0.2545248	0.5304544	0.05094174
227.1486816	2.42009952	2.92930768	0.0650064	0.2356608	0.4743096	0.057767985
225.2370608	2.41941312	2.48655888	0.072186	0.2070224	0.5225752	0.055730925
131.9498776	2.43943296	5.9633808	0.0334164	0.2581144	0.4538464	0.04895691
129.1720096	2.4214896	4.6125508	0.0832164	0.239348	0.300376	0.05722605
141.9560792	2.41882176	4.6555444	0.0629004	0.2194024	0.2998328	0.05311899
145.2513792	2.43039456	3.37681864	0.056928	0.3380408	0.4405448	0.054709845
222.5635984	2.39455296	2.65742464	0.0867108	0.2258632	0.482312	0.05786361
152.249768	2.4226368	2.68789976	0.0563064	0.229576	0.507104	0.051501045
97.947064	2.4199296	4.12166768	0.0839268	0.2310344	0.36308	0.055056855
146.7426512	2.43481728	6.0395556	0.07818	0.22586	0.2953488	0.059697045
131.3869752	2.41731072	3.89844104	0.0706464	0.206688	0.4444328	0.054200415
317.279492	2.46139488	4.5534632	0.0295884	0.1640912	0.558628	0.046195635
156.5163816	2.39077728	3.15698136	0.0895116	0.195368	0.3932064	0.0565296
143.8041624	2.40330624	4.32238352	0.0628968	0.2184408	0.3006376	0.05447097
202.6039184	2.40604224	3.45578688	0.0763668	0.2532752	0.5671896	0.052810605
167.2119144	2.4102912	3.27103608	0.0634704	0.3107	0.476708	0.054936135
113.2167848	2.4190944	3.89399088	0.076836	0.2069752	0.4188544	0.05327826
141.9260376	2.42077056	4.69767688	0.0631284	0.2163552	0.298248	0.0534738
96.2330936	2.41450368	3.65372696	0.0651612	0.3046224	0.4024024	0.057470445
58.7643368	2.47191648	8.8721984	0.0597276	0.3451272	0.2708288	0.031592805
69.9791136	2.41706496	5.08179048	0.0595512	0.3463912	0.4348232	0.056960355
135.7245728	2.39624448	2.87057576	0.0775116	0.2299312	0.3657792	0.05647731
82.7751464	2.40480192	3.65904136	0.0543228	0.262484	0.3923056	0.06090672
211.941504	2.45451264	2.91204264	0.0379068	0.2851696	0.4949792	0.057234945
166.9711544	2.40677952	3.28613168	0.0710796	0.286372	0.452568	0.055220865
210.6709472	2.46045216	3.00664	0.0328572	0.2905184	0.5067912	0.057110715
152.695056	2.43377952	3.00722448	0.0407664	0.2982168	0.5140336	0.051452685
183.4893432	2.4085488	2.802852	0.0281676	0.1898488	0.6262008	0.051678765
154.0075808	2.43594528	2.99275496	0.0411804	0.302368	0.5067136	0.050983875
143.8518064	2.4080256	3.81210544	0.07059	0.2688472	0.4494336	0.055830255
155.0258664	2.42654688	3.14409888	0.0374784	0.2855608	0.5472888	0.05235441
131.6355472	2.42992032	5.12736952	0.04605	0.2587848	0.4392144	0.048575865
131.6355472	2.42992032	5.12736952	0.04605	0.2587848	0.4392144	0.048575865
140.7265504	2.39229696	3.34317776	0.0830016	0.2626232	0.3714784	0.055653615
173.1551392	2.41146624	3.23931816	0.0633012	0.3224168	0.4879776	0.054337305
114.0155032	2.42513856	3.0863664	0.0732888	0.2909152	0.4156888	0.056929305
245.70542	2.44067808	2.6859976	0.0455532	0.3257616	0.4983168	0.05002587
110.9717776	2.4301968	3.3061652	0.0494196	0.2261168	0.44562	0.052312035
87.3536376	2.48683392	3.72522592	0.035784	0.2685136	0.6502296	0.057997395
146.8201416	2.389728	2.98152712	0.0864564	0.2542096	0.3765536	0.056020245
212.4551272	2.39028768	2.65377216	0.0921288	0.22562	0.48334	0.057748365
137.0271848	2.42604768	3.41484624	0.0531768	0.3217608	0.4424832	0.054692385
173.7638792	2.43181536	3.12244088	0.0511548	0.3124592	0.5193064	0.056075565
134.9972288	2.42835072	3.11949872	0.0629856	0.278776	0.4258272	0.052039125
114.4784176	2.40150336	3.92797392	0.073116	0.295784	0.3656968	0.04441065
130.9321288	2.41048608	4.30617512	0.0735888	0.2171208	0.4175896	0.05220948
145.654956	2.4323472	5.1900004	0.0734628	0.2227112	0.2940776	0.0586515
132.3287232	2.39906688	3.00886768	0.0715608	0.3059408	0.3479728	0.055468485
97.3893856	2.41765056	4.26981568	0.0860784	0.2347184	0.3654704	0.05490726
120.6572752	2.40252864	3.9824564	0.0868164	0.258424	0.3277792	0.056854155
143.5295776	2.4391056	5.21041768	0.0691656	0.210224	0.3359776	0.058972335
132.2694336	2.41895136	3.85565544	0.0561324	0.2457808	0.4336224	0.045981465
139.287036	2.42501184	4.44206464	0.0625644	0.209636	0.3156568	0.05609955
131.2758304	2.41513728	15.37591848	0.0733068	0.2512776	0.3454808	0.05170983
151.860388	2.40648672	3.25291824	0.074994	0.2445032	0.4151368	0.055871025
142.4461184	2.41264224	3.6648248	0.0451968	0.2579728	0.4297472	0.04753119
146.6780272	2.4328608	5.81065056	0.0693492	0.2107856	0.299796	0.057837375
207.3944088	2.48565024	3.7023688	0.0204864	0.332312	0.6555976	0.052316805
92.952368	2.39192736	4.97566264	0.0739296	0.281308	0.2300408	0.05423814
148.2934328	2.39954976	2.26455528	0.0636	0.2914472	0.4913488	0.0515901
168.4048336	2.41966752	2.91954	0.0577272	0.3095184	0.5242104	0.052197345
184.2982296	2.39488512	2.07242464	0.0723948	0.2590536	0.4126128	0.054457395
224.3152832	2.40965952	3.18591624	0.0700152	0.2252608	0.4574376	0.058063605
141.6097416	2.43338496	3.03507152	0.0547584	0.3391648	0.4505136	0.054140445
116.9640992	2.43322752	3.3645144	0.0477636	0.2636392	0.4725688	0.052045545
103.5514896	2.40014688	4.35813768	0.0913692	0.251068	0.3676608	0.05427534
103.5514896	2.40014688	4.35813768	0.0913692	0.251068	0.3676608	0.05427534
131.7884032	2.43251616	3.9128492	0.0595908	0.235716	0.3704624	0.05691339
131.7884032	2.43251616	3.9128492	0.0595908	0.235716	0.3704624	0.05691339
131.8541992	2.41825632	4.01812216	0.0723132	0.247824	0.3066952	0.05487021
131.8541992	2.41825632	4.01812216	0.0723132	0.247824	0.3066952	0.05487021
150.862988	2.40667296	3.78049464	0.072006	0.2291808	0.42502	0.056184825
210.370532	2.39112384	2.41992192	0.0892248	0.2857784	0.4595872	0.056510985
143.7708008	2.43595008	3.81226768	0.0534288	0.2994152	0.491228	0.052162635
119.1184696	2.4286368	3.31241352	0.0509268	0.2622136	0.4534696	0.053296155
126.9581664	2.41978464	4.47389696	0.0832632	0.2412728	0.3036232	0.0565446
165.5011352	2.4289824	3.53079064	0.0488952	0.342128	0.525056	0.054514815
137.7625976	2.41698528	3.9526032	0.0636948	0.2958176	0.4166632	0.056819295
203.2892088	2.43615264	3.03351568	0.0524292	0.2499832	0.504144	0.057009165
55.164056	2.42615904	7.25750064	0.0555264	0.36804	0.280916	0.04176912
231.4151608	2.42350368	2.76529448	0.0632232	0.2907088	0.5085088	0.05100132
162.5561032	2.40518496	3.27670096	0.07473	0.2802728	0.4396144	0.05535741
184.2982296	2.39488512	2.07242464	0.0723948	0.2590536	0.4126128	0.054457395
128.3619384	2.43070848	3.06366528	0.054216	0.2652144	0.5009344	0.052385985
141.2335208	2.42986176	3.19372768	0.054972	0.3347072	0.4424296	0.05457468
132.6670536	2.41097184	4.34894408	0.0728184	0.2180352	0.420012	0.052762245
119.7600096	2.4122688	4.65530208	0.0528828	0.2532544	0.430032	0.05586882
231.8529296	2.4195408	2.78530096	0.065862	0.2828056	0.5067048	0.051191895
142.4680544	2.4327504	5.63578912	0.0792492	0.2293672	0.306888	0.059613405
146.9162112	2.43546912	4.1772328	0.0572976	0.2843504	0.4569424	0.044940735
146.9162112	2.43546912	4.1772328	0.0572976	0.2843504	0.4569424	0.044940735
143.8658448	2.43473568	5.6786808	0.0773316	0.2261872	0.3150832	0.05975547
156.9855472	2.42290848	3.34679384	0.060846	0.30738	0.4675728	0.05503698
126.3109376	2.41300416	4.91669776	0.0719028	0.257032	0.3406648	0.05157555
155.1298584	2.42763456	3.4497008	0.0594504	0.3265344	0.458728	0.054769035
143.2622312	2.4137088	4.49169136	0.0630816	0.2226504	0.3006584	0.052945185
136.9020384	2.3968704	4.31324816	0.0631656	0.2477592	0.3490688	0.05601852
166.5890504	2.4224928	2.9608228	0.057498	0.3035256	0.5171928	0.052532655
113.7588016	2.42921184	3.34199944	0.0503736	0.2386072	0.4505608	0.052818885
54.4779544	2.43381888	8.3488392	0.0597252	0.3086448	0.3074848	0.05228595
54.4779544	2.43381888	8.3488392	0.0597252	0.3086448	0.3074848	0.05228595
140.5978512	2.39150304	3.24745408	0.0839496	0.2647848	0.3680968	0.0557166
180.6350712	2.4102048	2.44279984	0.0726816	0.2271032	0.4453328	0.0546804
164.1497192	2.43160032	3.65602952	0.0457284	0.3438296	0.5355056	0.053513175
92.506964	2.41575072	3.65913912	0.0635808	0.3078944	0.4064664	0.05720796
68.0752136	2.43784608	6.33099688	0.0472272	0.3364984	0.351616	0.052064205
64.7334408	2.4286656	3.723278	0.041982	0.3485656	0.3898496	0.04161762
64.7334408	2.4286656	3.723278	0.041982	0.3485656	0.3898496	0.04161762
61.9328976	2.4250128	4.79093784	0.0457956	0.357212	0.3572152	0.04139946
214.3741456	2.50417056	3.74755264	0.0359664	0.261444	0.5648624	0.05203329
172.5097904	2.39606784	2.68663512	0.0715212	0.2430224	0.4082888	0.052866015
166.4966184	2.42105664	3.37660856	0.0545544	0.3332024	0.5269672	0.052437765
218.153076	2.42041728	2.79668688	0.065412	0.2390096	0.4716944	0.057675885
117.3902712	2.40871008	4.20139408	0.08016	0.2212264	0.4045352	0.052726545
225.4123536	2.40099072	2.94692112	0.0692772	0.2857656	0.49462	0.05230869
129.5574832	2.42666976	3.88269232	0.0456948	0.3323272	0.4074512	0.04960926
129.5574832	2.42666976	3.88269232	0.0456948	0.3323272	0.4074512	0.04960926
105.7501464	2.42693568	3.50663144	0.0588804	0.2027272	0.40372	0.0544884
157.071484	2.4211776	3.30522088	0.0614664	0.3017904	0.4696928	0.05511105
171.3575808	2.41120416	3.40814136	0.0620292	0.328924	0.4959768	0.05393049
120.8529664	2.40652896	4.34316584	0.070764	0.2719224	0.3293232	0.05061612
109.4843264	2.44187616	4.42656448	0.0546288	0.270084	0.4696456	0.05806371
101.97666	2.44789152	4.10197216	0.0555036	0.257904	0.466424	0.05767836
100.6060544	2.43781152	3.76153544	0.0566712	0.1729576	0.400076	0.052765425
121.3698608	2.42505504	4.9954268	0.0452628	0.2794	0.4535368	0.046426245
126.0946048	2.40567264	4.49546656	0.0748512	0.2525848	0.3670752	0.05229843
131.2402712	2.43684	3.79694848	0.0595488	0.2367104	0.3813144	0.057149085
155.8951664	2.39750208	4.1049268	0.0657456	0.207636	0.327216	0.054265965
94.728076	2.43041952	3.733028	0.0728724	0.2063528	0.3753808	0.054891855
158.5878176	2.3943168	3.88513528	0.088626	0.204188	0.4062448	0.05620566
125.9401736	2.41336032	4.02902136	0.0723132	0.2469696	0.3889432	0.04955856
146.9474856	2.44197024	3.64234	0.06141	0.3000952	0.4628784	0.038093385
142.1758912	2.42944512	3.01172768	0.0502176	0.2886536	0.4862616	0.05339607
166.7260864	2.41982976	2.81154848	0.0573564	0.3027896	0.5266784	0.05173404
113.7588016	2.42921184	3.34199944	0.0503736	0.2386072	0.4505608	0.052818885
132.6607792	2.4262464	4.80794912	0.0506052	0.2610944	0.4358304	0.04791858
132.6607792	2.4262464	4.80794912	0.0506052	0.2610944	0.4358304	0.04791858
214.0850344	2.40401472	2.91752344	0.066906	0.289128	0.49202	0.05275797
146.7858032	2.43582624	6.16617248	0.0774264	0.2238808	0.3037112	0.059868315
146.7858032	2.43582624	6.16617248	0.0774264	0.2238808	0.3037112	0.059868315
230.5709232	2.43285504	2.63157648	0.0472068	0.3710488	0.5355248	0.050427375
156.5213504	2.44880928	4.29938808	0.0540108	0.289924	0.4771792	0.04101936
156.5213504	2.44880928	4.29938808	0.0540108	0.289924	0.4771792	0.04101936
116.6744264	2.42080992	3.79128152	0.0742812	0.203212	0.4285904	0.0531096
60.2653992	2.43511392	6.4233884	0.0500544	0.3375208	0.3249904	0.050367345
227.8248048	2.39845536	2.807766	0.0817836	0.2276152	0.4799288	0.05789847
227.8248048	2.39845536	2.807766	0.0817836	0.2276152	0.4799288	0.05789847
167.4921632	2.42024448	2.88188576	0.0576636	0.302924	0.523564	0.05215437
109.6573368	2.43153696	3.45830264	0.04842	0.2179784	0.4343064	0.05180301
104.8031864	2.4524016	4.04963624	0.0482868	0.2786672	0.5250416	0.05813433
132.3715576	2.44147008	4.24293064	0.0408456	0.316156	0.5026664	0.037642695
132.3715576	2.44147008	4.24293064	0.0408456	0.316156	0.5026664	0.037642695
132.3715576	2.44147008	4.24293064	0.0408456	0.316156	0.5026664	0.037642695
133.5310304	2.39694528	2.97014016	0.0759816	0.2797328	0.3541064	0.056062845
286.5828368	2.43064992	2.55739536	0.0490728	0.374464	0.565732	0.048442395
143.9260984	2.43150528	4.03966056	0.0526956	0.2851952	0.4827392	0.05223375
143.9260984	2.43150528	4.03966056	0.0526956	0.2851952	0.4827392	0.05223375
106.8007936	2.38911744	3.88245104	0.0925368	0.2671688	0.3479832	0.05560914
350.3585448	2.41084032	1.8862116	0.07188	0.2375832	0.5946168	0.04284501
350.3585448	2.41084032	1.8862116	0.07188	0.2375832	0.5946168	0.04284501
123.8149416	2.40851424	4.62918352	0.072318	0.2651344	0.33806	0.05061645
117.157324	2.41654176	4.11885032	0.0565452	0.2353536	0.4105192	0.055339695
136.185388	2.39400096	3.61288512	0.078396	0.2567808	0.3630752	0.05516916
160.5464968	2.39777088	3.9145132	0.0673812	0.2017768	0.3485576	0.054663015
124.835828	2.41825632	4.73092984	0.0750888	0.2447696	0.3275352	0.05325405
137.1752072	2.4025584	4.11298472	0.0662664	0.2344048	0.3369624	0.05353179
135.2920408	2.43909792	4.30810744	0.044088	0.28946	0.4841104	0.042339075
232.5581296	2.44667136	2.73162136	0.0393708	0.382456	0.5218048	0.05027715
122.2722416	2.4424272	2.99173992	0.0523824	0.3351256	0.5163096	0.03986382
144.090784	2.41170816	4.43693016	0.0632088	0.2227296	0.3002432	0.053072685
124.3446656	2.4272448	4.57625168	0.046716	0.2786848	0.4554096	0.046676445
157.2535648	2.40318432	3.78675024	0.071652	0.2925808	0.4493976	0.05528262
142.0880736	2.43243168	4.24038368	0.0516708	0.3024976	0.477924	0.052229985
231.5673584	2.43352416	2.59564344	0.0468444	0.3708008	0.53912	0.050391075
216.8705568	2.42929632	2.76607032	0.0582012	0.249692	0.4737592	0.057585765
238.766528	2.41236768	2.52416736	0.0827496	0.2086768	0.5073408	0.05348109
110.373352	2.4317904	3.6585016	0.047688	0.2233408	0.4302264	0.0515652
126.2067136	2.41190592	4.27420344	0.0719232	0.2606264	0.3180208	0.05269722
126.2067136	2.41190592	4.27420344	0.0719232	0.2606264	0.3180208	0.05269722
116.1154296	2.43349248	3.33139664	0.0455088	0.2769192	0.4771512	0.051394725
256.5651608	2.40098016	2.22443416	0.075006	0.3005384	0.4795896	0.051823515
350.0680176	2.43962976	2.30872928	0.0568356	0.3975224	0.570528	0.044056005
198.8874264	2.40438048	3.5947184	0.069288	0.2533232	0.5768712	0.05229771
133.3312008	2.42162592	4.65311496	0.0572796	0.2270344	0.317368	0.053440635
132.339636	2.41214592	3.9087828	0.0670128	0.2694736	0.4124744	0.044868825
126.7235232	2.41427904	4.95229904	0.0723684	0.2548376	0.3375832	0.05204055
123.4812504	2.40789312	4.6670624	0.0715128	0.2654608	0.3456656	0.050028405
163.7409544	2.427432	3.25267384	0.0512568	0.3215368	0.5306024	0.051847365
219.8974368	2.4090192	3.62329656	0.051186	0.2455672	0.5577944	0.05360988
114.242676	2.43192576	3.35539984	0.0468036	0.2559616	0.4650776	0.051656385
213.27522	2.39045952	2.38327232	0.088992	0.2873704	0.459428	0.05639724
157.3493896	2.4306624	3.11870104	0.0361728	0.2959448	0.5398848	0.051541005
135.6190792	2.44024128	3.67508648	0.0520956	0.3247832	0.474104	0.05275269
227.0625248	2.4151728	3.10657464	0.0615576	0.2461144	0.4980944	0.057787305
213.269092	2.4069024	4.03323232	0.060396	0.2414312	0.5688592	0.05332263
143.3293216	2.40663072	4.32992144	0.0642192	0.2290944	0.3210392	0.052820325
130.9211912	2.4334512	5.43173696	0.041868	0.2569416	0.4428368	0.04898106
130.9211912	2.4334512	5.43173696	0.041868	0.2569416	0.4428368	0.04898106
166.5199216	2.43121824	3.51735384	0.050526	0.3249776	0.52762	0.05542965
169.4352904	2.41794336	3.19772024	0.0577476	0.3269504	0.521368	0.052633275
213.94436	2.38718688	2.2581312	0.0928632	0.2752216	0.469216	0.056799165
152.695056	2.43377952	3.00722448	0.0407664	0.2982168	0.5140336	0.051452685
134.2688968	2.39365248	3.2907212	0.0806772	0.278668	0.3507456	0.05546109
59.46734	2.43453696	6.78645136	0.0530796	0.332456	0.3437616	0.053523825
119.1799808	2.44356096	2.75427984	0.0443616	0.3350568	0.5199992	0.04037676
180.8708984	2.4379536	3.02731416	0.046992	0.3139432	0.5190472	0.0563151
142.00686	2.43054528	4.28317864	0.0517128	0.3083456	0.4698456	0.052712145
220.9173832	2.43220032	2.5182664	0.067932	0.2151	0.5190688	0.055451925
231.3417968	2.43167232	2.74207024	0.05712	0.310356	0.5109576	0.05067849
118.2546144	2.43000384	3.2618664	0.0767772	0.2916992	0.411812	0.05513148
125.4951664	2.41027776	3.94945512	0.0839292	0.2524656	0.3284016	0.057844995
102.056964	2.40300768	4.39243688	0.0911112	0.2484944	0.3679032	0.05447844
99.9913272	2.43066048	4.96871024	0.0658392	0.2537464	0.3716504	0.057100395
71.4665896	2.4212208	4.71040336	0.0580272	0.3418488	0.4503696	0.057181395
133.8756344	2.40826752	4.69117896	0.0730008	0.2390992	0.3977432	0.053044455
151.1937008	2.39739744	4.05889744	0.066504	0.1999792	0.351028	0.055602375
112.39364	2.43090048	4.8713392	0.0461172	0.3383928	0.4402712	0.044913195
165.761548	2.42348832	3.2319456	0.053622	0.3290704	0.530312	0.05197965
192.2023072	2.41643424	3.1524116	0.0873564	0.2542088	0.4713392	0.055605915
129.3575928	2.40906432	4.20128176	0.0708912	0.2330168	0.4091888	0.04780062
152.8222288	2.42860896	3.57501144	0.0595596	0.3298608	0.4505176	0.05487711
136.7562744	2.43532608	3.69597384	0.0700116	0.231132	0.3695584	0.05890731
88.8576416	2.47063872	2.44291528	0.0436128	0.2775008	0.5651784	0.057070425
147.241016	2.43451872	5.96189464	0.069588	0.2075456	0.3057112	0.058285845
128.3782104	2.41742112	4.02238928	0.0669756	0.2469168	0.313076	0.054411975
118.407056	2.41533504	4.09581536	0.0646776	0.2327624	0.394116	0.05660232
112.8628416	2.4254688	4.81188968	0.0510264	0.3076656	0.4239072	0.049423695
111.999768	2.42414784	3.49990472	0.055866	0.2228528	0.417236	0.054361095
136.3232424	2.43434016	3.24945816	0.0526824	0.3276976	0.4575408	0.053710245
193.1614992	2.42263872	3.05738888	0.091704	0.2469344	0.4903584	0.05530215
104.919556	2.42096256	3.91128504	0.0761664	0.2207304	0.3642712	0.055325385
133.4073	2.4204288	3.85566792	0.0520212	0.3026912	0.4402336	0.055085055
159.976904	2.39580576	3.89660336	0.0891468	0.1976624	0.4095232	0.056190105
109.6573368	2.43153696	3.45830264	0.04842	0.2179784	0.4343064	0.05180301
100.6807496	2.40668736	4.41373816	0.0903012	0.2450968	0.3683552	0.0546066
59.8135128	2.43460512	6.644924	0.0524964	0.3334504	0.3392152	0.05313894
182.7704104	2.40694944	2.40699056	0.0742548	0.2268344	0.4342984	0.05467698
166.162268	2.42243232	3.30277168	0.05397	0.3314216	0.5292288	0.05220693
128.7309816	2.40398016	4.68007384	0.0761112	0.2518056	0.3536912	0.05025129
350.237744	2.41233888	1.91383088	0.0711924	0.2427408	0.6048424	0.042711705
168.3966552	2.39984736	2.54949032	0.08088	0.2811248	0.441008	0.05714841
165.5388792	2.4222144	2.92274528	0.057378	0.2965392	0.5194032	0.05231109
211.6632328	2.4270768	2.72395656	0.0596352	0.2485952	0.4717128	0.057535365
126.2581424	2.42351616	5.04577736	0.0523836	0.2490392	0.4127184	0.0489276
126.2581424	2.42351616	5.04577736	0.0523836	0.2490392	0.4127184	0.0489276
103.2729736	2.46570528	3.19098728	0.0448176	0.2634888	0.56188	0.05800854
103.2729736	2.46570528	3.19098728	0.0448176	0.2634888	0.56188	0.05800854
405.077588	2.43932544	5.151744	0.0487716	0.160712	0.43262	0.036588165
153.681836	2.38897248	3.15207256	0.0893556	0.218212	0.3880472	0.056307795
228.449072	2.39719488	2.81254272	0.0729468	0.3014064	0.4644264	0.05461314
131.2237424	2.4405648	3.43487144	0.0611256	0.2391448	0.4072064	0.057840345
233.4615968	2.4493296	2.74290536	0.0381576	0.3828872	0.5189784	0.05025297
167.1969968	2.42118336	2.9133312	0.0576444	0.302112	0.5207288	0.05234571
104.09198	2.42820096	3.49593712	0.0591324	0.197568	0.4023728	0.05440194
104.09198	2.42820096	3.49593712	0.0591324	0.197568	0.4023728	0.05440194
132.1626832	2.42519328	4.9589904	0.0820644	0.236608	0.2934616	0.05737965
167.4921632	2.42024448	2.88188576	0.0576636	0.302924	0.523564	0.05215437
125.4530032	2.41106208	3.60360728	0.07944	0.2519776	0.3527248	0.05808966
70.6698304	2.43912384	6.01585504	0.045108	0.3377168	0.3584056	0.050779935
112.8435424	2.40062112	3.99146488	0.0722292	0.296168	0.3602544	0.045073725
143.4105832	2.391072	2.93509736	0.085626	0.2558776	0.369352	0.056277375
124.0510496	2.41033728	4.087148	0.0760308	0.2483672	0.3822568	0.050277
147.314636	2.4067488	3.84755488	0.0710952	0.2743264	0.4499792	0.0556938
88.6733336	2.43494784	4.52911472	0.0538992	0.3445296	0.306696	0.05447535
134.5387448	2.43141792	3.21631232	0.0522528	0.320212	0.4543496	0.053905935
141.548132	2.43550848	4.86697224	0.0654288	0.2036512	0.3281152	0.057698115
147.241016	2.43451872	5.96189464	0.069588	0.2075456	0.3057112	0.058285845
152.8222288	2.42860896	3.57501144	0.0595596	0.3298608	0.4505176	0.05487711
156.3498416	2.45089728	4.43493024	0.052488	0.291136	0.4805192	0.04144659
137.8286376	2.40946944	4.05356016	0.0606072	0.2791808	0.3794	0.056097375
89.1468264	2.47019328	2.39003024	0.0434604	0.279764	0.5630872	0.056850765
175.8218504	2.39550432	2.56139208	0.073164	0.2400912	0.4061856	0.05346636
124.5826784	2.41087104	3.51849992	0.0780312	0.2512528	0.3597288	0.057963
153.3420408	2.4054144	3.20965008	0.07626	0.2448784	0.4171584	0.055961175
155.0875856	2.44408032	3.81435808	0.0593352	0.290544	0.467352	0.03868119
181.4179568	2.39483712	2.53201936	0.0849744	0.1763832	0.4506936	0.05726898
141.0501952	2.43277536	4.29700856	0.051126	0.3098104	0.4764512	0.052200315
223.4223392	2.40995712	2.8246348	0.0614328	0.3234336	0.5141736	0.051213585
204.1238528	2.41857888	3.030638	0.059304	0.2750824	0.451896	0.05878452
237.7470704	2.42240352	2.68084336	0.0762924	0.231368	0.5063256	0.05193792
111.1911624	2.42936256	3.3086456	0.050466	0.2254384	0.443784	0.05268804
104.919556	2.42096256	3.91128504	0.0761664	0.2207304	0.3642712	0.055325385
152.95802	2.40695616	3.33738704	0.07278	0.2336472	0.40908	0.055733595
152.9982296	2.40830592	3.3792044	0.0726072	0.2347784	0.4140264	0.05584803
202.2080808	2.4081168	2.9713424	0.0744336	0.2265552	0.4501032	0.057161235
216.4010256	2.40250944	2.93701304	0.067512	0.2883552	0.4911904	0.052758675
196.6217408	2.41143648	2.90647448	0.0707028	0.2706848	0.4411872	0.057625185
84.6197144	2.44028352	5.07268528	0.0514332	0.3426696	0.2951464	0.055236855
98.9352176	2.4313344	3.62801296	0.0630936	0.1910992	0.3908256	0.054515685
119.9394656	2.42362272	4.68661544	0.0426912	0.2823304	0.461116	0.0450507
157.8317872	2.448888	3.97821632	0.056484	0.2910504	0.4761584	0.038588145
209.855908	2.3982576	2.62599688	0.075864	0.302752	0.4588304	0.056154765
209.855908	2.3982576	2.62599688	0.075864	0.302752	0.4588304	0.056154765
120.1109984	2.4416976	2.90021264	0.0516396	0.3368032	0.5204168	0.0402747
165.69812	2.4185088	3.2705868	0.061668	0.2838728	0.5021088	0.056041995
212.9305912	2.4162912	3.20673288	0.0621384	0.2677184	0.4444696	0.05866914
164.6985104	2.40352992	3.75969152	0.0659712	0.3196328	0.4727768	0.05455734
142.250452	2.4246864	3.98883784	0.0559644	0.3005072	0.4485904	0.05454513
61.9328976	2.4250128	4.79093784	0.0457956	0.357212	0.3572152	0.04139946
99.9913272	2.43066048	4.96871024	0.0658392	0.2537464	0.3716504	0.057100395
63.8421568	2.4355872	7.36374912	0.0514824	0.3310808	0.3558864	0.05452536
121.5197752	2.43285024	3.3005492	0.0496776	0.2778464	0.4681056	0.052752015
147.241016	2.43451872	5.96189464	0.069588	0.2075456	0.3057112	0.058285845
140.0243528	2.41877088	3.77732056	0.0407508	0.2541904	0.4462808	0.046788495
342.5169192	2.44396512	4.54967136	0.0494508	0.241436	0.541972	0.05027067
123.59314	2.40953088	4.08232656	0.0781044	0.24928	0.3719704	0.05104158
136.9020384	2.3968704	4.31324816	0.0631656	0.2477592	0.3490688	0.05601852
128.7091552	2.42670528	5.20502944	0.0482916	0.2518768	0.4288448	0.048513765
125.5330936	2.43882624	3.3278856	0.048894	0.2990456	0.483696	0.05208567
145.8676144	2.43256896	5.23101488	0.0747456	0.2244096	0.2931768	0.05886234
139.7636112	2.43361152	5.09394912	0.0581448	0.2875184	0.439116	0.05102529
127.3822752	2.445024	3.86348248	0.0511224	0.251088	0.4848232	0.045476625
117.438452	2.40229824	4.31026648	0.0715404	0.2800104	0.3427304	0.04836189
103.2729736	2.46570528	3.19098728	0.0448176	0.2634888	0.56188	0.05800854
101.0461792	2.43111936	4.03866216	0.058386	0.2609112	0.3990296	0.0543153
109.2633304	2.42965344	4.014348	0.0481932	0.2756336	0.4536232	0.04986501
137.956372	2.43507648	3.99578192	0.071538	0.2296528	0.3596	0.059106345
147.385132	2.4376704	6.11392704	0.0734928	0.2155776	0.3161616	0.059633295
142.0728272	2.41458912	4.05954848	0.0629712	0.283452	0.3952208	0.05617431
221.597632	2.40530208	3.33657064	0.0730764	0.2308224	0.4424136	0.05824077
154.00686	2.38919328	3.23114376	0.0889956	0.2212272	0.3898192	0.056261655
110.1091432	2.39822016	4.27552008	0.0886248	0.2537152	0.3695384	0.05310984
231.5559328	2.40781344	2.6080964	0.0651564	0.3377408	0.5165504	0.05159976
141.510132	2.4162288	3.66185456	0.0409668	0.2568504	0.440484	0.047420205
132.0752688	2.4242976	4.94269672	0.080166	0.2390384	0.2950864	0.0563472
156.3498416	2.45089728	4.43493024	0.052488	0.291136	0.4805192	0.04144659
206.4378904	2.40246048	3.86892376	0.0686772	0.2470632	0.5766576	0.05272689
176.2888304	2.39525568	2.51001192	0.0721212	0.2461736	0.407992	0.053396145
146.6770632	2.437296	6.0324264	0.0747504	0.2190448	0.3164344	0.05976756
258.1004152	2.48298912	3.52643408	0.0177864	0.3104568	0.6034456	0.05088327
60.1440184	2.42428512	5.46914056	0.0482556	0.3593704	0.3358248	0.04150521
55.6739992	2.42305248	7.01753832	0.0550944	0.3746304	0.2852528	0.041394015
123.4540528	2.4240624	3.62266528	0.0693708	0.2011864	0.4476816	0.052857225
123.4540528	2.4240624	3.62266528	0.0693708	0.2011864	0.4476816	0.052857225
216.7512696	2.41418112	3.27393664	0.0644148	0.2612168	0.4415224	0.05859951
101.4716976	2.42970432	3.55631952	0.0611292	0.1931848	0.3957856	0.054506265
191.1599	2.4150624	2.7755156	0.070872	0.2284008	0.4642488	0.056366505
148.1118896	2.39599104	4.14169496	0.0658812	0.2053528	0.3457664	0.055646805
126.5074704	2.4231696	5.1440688	0.052668	0.2504264	0.4125344	0.048861345
117.359192	2.45549952	4.15556648	0.0430116	0.2750344	0.467488	0.04231977
150.829224	2.42728512	3.208348	0.0552456	0.2506024	0.505588	0.051926565
165.1097048	2.40542496	3.37984608	0.0704676	0.293988	0.4521504	0.05515899
162.9319456	2.40429408	3.31263192	0.07245	0.2901016	0.4455064	0.055230885
117.438452	2.40229824	4.31026648	0.0715404	0.2800104	0.3427304	0.04836189
153.7708496	2.42740128	3.58573384	0.0600432	0.3239384	0.4534296	0.05497527
111.7948368	2.40319968	3.3767552	0.0611364	0.3032712	0.3688232	0.04799034
111.7948368	2.40319968	3.3767552	0.0611364	0.3032712	0.3688232	0.04799034
169.5520144	2.4248256	3.14470624	0.0565668	0.2993024	0.5106528	0.056058285
136.6041752	2.4203136	3.94293536	0.0602028	0.3091248	0.4227208	0.056806605
92.3962096	2.41680672	2.49678624	0.0543144	0.3803632	0.4922536	0.045499755
177.7587648	2.39474784	2.46450152	0.0843204	0.1814944	0.4464592	0.057330795
166.7860352	2.42152224	3.20977592	0.054954	0.329252	0.5287488	0.05209266
95.7854984	2.43826944	3.77390208	0.0650736	0.1957048	0.4010256	0.051979245
146.5502928	2.43480768	5.82622872	0.0689328	0.2055744	0.3091432	0.058192575
129.7332152	2.4238512	4.88565272	0.0803376	0.2394056	0.2978888	0.056034705
124.392944	2.4160992	4.6311772	0.0712212	0.2465952	0.3452168	0.05205582
133.3078736	2.43872832	3.35172552	0.0637224	0.2363704	0.3993432	0.05817537
174.5664064	2.41786464	3.00756144	0.0599484	0.3265704	0.5042904	0.053675265
270.448804	2.42226912	2.5045488	0.0559524	0.330636	0.5700136	0.049470915
239.8882568	2.46265824	2.73367848	0.0390612	0.3522312	0.500284	0.050565225
166.5199216	2.43121824	3.51735384	0.050526	0.3249776	0.52762	0.05542965
55.923956	2.43662304	14.22473416	0.0386916	0.3212472	0.5438648	0.0340428
278.402808	2.42777568	2.5586808	0.0512004	0.3811	0.5666472	0.048822615
272.8958248	2.42493408	2.5197744	0.0536364	0.3593112	0.5660328	0.049222755
269.649536	2.42113152	2.50188744	0.0569472	0.317952	0.5709208	0.04955754
162.5561032	2.40518496	3.27670096	0.07473	0.2802728	0.4396144	0.05535741
153.3324216	2.4401136	3.15337776	0.0505236	0.301092	0.4551416	0.049560345
151.7980224	2.42688864	3.87770344	0.061158	0.3192432	0.4431992	0.0553497
54.2980712	2.43274176	6.55439408	0.0548892	0.3436464	0.3118032	0.04950747
106.8007936	2.38911744	3.88245104	0.0925368	0.2671688	0.3479832	0.05560914
129.7921752	2.42318208	4.88390136	0.0794928	0.2406368	0.3002024	0.05564949
145.7090208	2.39073888	2.94271952	0.0861768	0.2461784	0.3734696	0.056333865
180.2418088	2.39561376	2.43472008	0.0735156	0.2438024	0.4064552	0.054008505
95.7854984	2.43826944	3.77390208	0.0650736	0.1957048	0.4010256	0.051979245
109.9208744	2.43419328	4.21249608	0.0477864	0.2136568	0.4080976	0.051618045
123.6513184	2.4169632	3.84473024	0.0524364	0.2668704	0.43326	0.05502015
192.5454224	2.41999392	3.11505168	0.089838	0.2504008	0.4810288	0.05545896
171.7887328	2.3996832	3.34951552	0.0900888	0.1768584	0.4376384	0.055885485
103.0158328	2.42830176	3.55060784	0.0610272	0.1975408	0.396336	0.05463288
204.8405272	2.40388128	3.63545624	0.072612	0.2501496	0.57208	0.052769715
142.4461184	2.41264224	3.6648248	0.0451968	0.2579728	0.4297472	0.04753119
196.2322632	2.40752352	3.65035424	0.072384	0.2598896	0.5714136	0.052287915
163.522156	2.43654432	3.13605032	0.0389388	0.3101616	0.5137248	0.050467455
233.6222168	2.4119904	2.95119552	0.0654564	0.2367272	0.4765296	0.058064955
183.1230472	2.40776736	3.15159312	0.0291228	0.1924672	0.6208336	0.05159985
219.009912	2.39161152	2.3313732	0.087138	0.2656368	0.488852	0.057277935
182.2286624	2.40507168	2.19966552	0.07107	0.26942	0.4468376	0.05356101
182.2286624	2.40507168	2.19966552	0.07107	0.26942	0.4468376	0.05356101
140.5841432	2.43080064	5.56547368	0.0809076	0.2318216	0.295232	0.05914341
140.5841432	2.43080064	5.56547368	0.0809076	0.2318216	0.295232	0.05914341
224.0800296	2.41412928	2.93046624	0.063588	0.244312	0.5097192	0.05733873
142.0498168	2.4202896	3.86253816	0.060606	0.2863256	0.4347584	0.0554262
158.4124632	2.434656	3.06846904	0.0382152	0.303424	0.5213832	0.050962995
237.7470704	2.42240352	2.68084336	0.0762924	0.231368	0.5063256	0.05193792
127.1114504	2.42785728	5.08919528	0.047664	0.2481344	0.4252424	0.04870215
138.3438968	2.40621792	4.33373512	0.068832	0.2435224	0.3874232	0.046599525
162.0536984	2.39077728	3.60454848	0.0938064	0.1698224	0.4067944	0.05637522
132.1628664	2.42500608	4.97795376	0.0808596	0.2377952	0.2934136	0.056732595
145.0359984	2.40979968	4.41060256	0.0634524	0.2244856	0.3038896	0.05293167
128.0318848	2.41677792	3.94200768	0.0659172	0.246024	0.4068024	0.04799592
142.429004	2.4144576	3.71264816	0.0472236	0.2657912	0.423956	0.048898005
174.5664064	2.41786464	3.00756144	0.0599484	0.3265704	0.5042904	0.053675265
162.8397952	2.4287568	3.25063024	0.0506088	0.3139168	0.528556	0.051836985
159.7260744	2.40283008	3.71235072	0.0703476	0.2996152	0.4544008	0.055117785
248.9304688	2.40789696	2.39218824	0.0681924	0.3317536	0.5124336	0.051635025
213.5119384	2.38611744	2.36467504	0.0955068	0.2520712	0.4839616	0.057394125
111.999768	2.42414784	3.49990472	0.055866	0.2228528	0.417236	0.054361095
137.7625976	2.41698528	3.9526032	0.0636948	0.2958176	0.4166632	0.056819295
140.334216	2.43394944	4.26343736	0.0509844	0.3103072	0.4792536	0.052015275
224.9654296	2.39491584	2.58760112	0.077772	0.3053976	0.4582416	0.05530911
216.2762936	2.418552	3.265548	0.0601368	0.248488	0.4768064	0.05850543
54.804376	2.43401856	7.53729808	0.0552024	0.3244984	0.374952	0.05521056
247.1871584	2.43870336	2.70335832	0.0474024	0.319128	0.4893232	0.05001198
100.2176576	2.40903456	5.98913224	0.07857	0.2917136	0.2663984	0.05230827
195.324304	2.41355712	2.91423392	0.071604	0.227496	0.4631856	0.056735295
164.5374024	2.42186304	2.8725372	0.0572868	0.2893976	0.5210888	0.05209746
156.1204464	2.426136	3.43058664	0.0598872	0.3203456	0.4618216	0.05486421
142.178308	2.42809728	5.14557888	0.0651084	0.213448	0.2992112	0.055464255
130.9707032	2.44173024	3.51091104	0.060432	0.2385856	0.4040968	0.057717225
136.39126	2.4315216	3.85409232	0.0731172	0.2340168	0.3579224	0.059054775
100.6060544	2.43781152	3.76153544	0.0566712	0.1729576	0.400076	0.052765425
120.3190432	2.42352288	3.78943136	0.0574236	0.242848	0.4250704	0.056951055
141.0777224	2.42052096	3.63388584	0.0667308	0.2782088	0.431396	0.04270017
180.366296	2.39486976	2.16103056	0.0718392	0.255764	0.4120576	0.053881095
145.5112424	2.40961728	3.50721696	0.0705636	0.2490232	0.4371128	0.05617419
207.258472	2.41950624	2.84707592	0.0812412	0.2266816	0.50436	0.055868385
142.0369264	2.43644352	3.60293752	0.0636468	0.3011592	0.4519296	0.038593575
175.2244872	2.4174336	2.98648272	0.0604332	0.3260816	0.4997176	0.05392257
164.5374024	2.42186304	2.8725372	0.0572868	0.2893976	0.5210888	0.05209746
144.0096432	2.39886912	3.55351048	0.075426	0.244412	0.38612	0.05524626
144.0096432	2.39886912	3.55351048	0.075426	0.244412	0.38612	0.05524626
106.7768064	2.4624192	3.79591992	0.04317	0.2308688	0.4104952	0.044904825
143.8658448	2.43473568	5.6786808	0.0773316	0.2261872	0.3150832	0.05975547
199.4592648	2.45636832	3.15291392	0.0344832	0.2918456	0.535476	0.056544165
121.6237552	2.432736	3.44072456	0.0430356	0.3278584	0.4748144	0.050942775
125.1130984	2.43938208	3.18423248	0.0464472	0.31106	0.4932648	0.05133144
103.0158328	2.42830176	3.55060784	0.0610272	0.1975408	0.396336	0.05463288
212.9305912	2.4162912	3.20673288	0.0621384	0.2677184	0.4444696	0.05866914
139.885852	2.43307488	4.318548	0.0505512	0.3160624	0.4756496	0.052154775
151.3307496	2.4354192	2.96800712	0.0424236	0.2995552	0.5033768	0.051247275
128.5553592	2.44105152	3.61104848	0.0586836	0.2429008	0.4063296	0.05733363
122.4280392	2.40553728	3.70283576	0.0816756	0.2562264	0.3489688	0.057766095
185.3977664	2.42345472	3.1222048	0.0872028	0.2698224	0.5289328	0.053054085
168.801172	2.41883808	3.14436616	0.0571932	0.3254176	0.5243672	0.05238768
229.2314944	2.41033728	2.67834944	0.0614232	0.3470856	0.5249992	0.05111382
116.5069088	2.43360768	3.31135896	0.044958	0.2850568	0.4794	0.051288015
76.9039432	2.41271712	4.26772944	0.060498	0.3365904	0.4115176	0.057079305
211.941504	2.45451264	2.91204264	0.0379068	0.2851696	0.4949792	0.057234945
228.1955568	2.4088128	2.698228	0.0624312	0.342272	0.5218248	0.05124711
92.1143064	2.54060832	6.02632472	0.0372792	0.2000312	0.5756216	0.054095925
352.1708744	2.42090592	1.8775016	0.0628116	0.2539384	0.6460192	0.041707215
154.0075808	2.43594528	2.99275496	0.0411804	0.302368	0.5067136	0.050983875
57.7259096	2.42288928	6.32693776	0.0518304	0.3671752	0.3083976	0.041419905
78.8176208	2.43691872	4.26845744	0.0522636	0.31984	0.5022152	0.057708075
126.7235232	2.41427904	4.95229904	0.0723684	0.2548376	0.3375832	0.05204055
160.8817016	2.45963232	4.40210472	0.04923	0.2947072	0.4982744	0.038284395
171.3575808	2.41120416	3.40814136	0.0620292	0.328924	0.4959768	0.05393049
146.4360472	2.42653824	4.11592168	0.0584232	0.3253896	0.4280352	0.055305795
105.3972168	2.41831584	3.99965904	0.0788328	0.2264576	0.3613336	0.05535012
147.1286008	2.43372672	5.57992448	0.0748512	0.2225792	0.2940368	0.05913582
130.3658448	2.4181872	3.97449104	0.0692676	0.246272	0.3094056	0.054754095
170.6351072	2.3961072	2.7438996	0.073764	0.231296	0.4067664	0.05301705
137.919812	2.39781792	4.31548832	0.0619548	0.2319808	0.3218936	0.055619925
99.0901368	2.42997984	3.63380264	0.065448	0.1970328	0.3854832	0.05484981
127.987732	2.41643136	4.8819888	0.0748032	0.2513064	0.3237416	0.05318019
121.3539432	2.41269888	4.76262904	0.0520116	0.2590392	0.434796	0.0558822
136.7562744	2.43532608	3.69597384	0.0700116	0.231132	0.3695584	0.05890731
125.717676	2.42121888	3.7089104	0.0705624	0.2016768	0.4457728	0.05341593
131.3869752	2.41731072	3.89844104	0.0706464	0.206688	0.4444328	0.054200415
128.2086184	2.4082416	3.57822192	0.0745968	0.2869304	0.3945392	0.04241013
226.8146488	2.39807712	2.85135656	0.0716172	0.3000728	0.465832	0.054539445
147.5463256	2.438328	4.31548936	0.0563088	0.2868576	0.4601696	0.04548858
147.6376096	2.43390624	5.97187864	0.0705348	0.2117688	0.300364	0.058379355
129.2626224	2.41660608	4.1438644	0.0828192	0.2463656	0.3224416	0.058266255
166.316992	2.4224064	3.14333448	0.054654	0.3272936	0.5296608	0.051860985
61.2063232	2.4349776	6.8772184	0.0521436	0.332504	0.3446328	0.053666235
238.687012	2.42547936	2.51534608	0.0523212	0.3381824	0.552856	0.05025372
151.5208744	2.42760384	3.89252136	0.06063	0.3253792	0.4403328	0.055252035
129.1819944	2.4363408	5.2670488	0.038592	0.2491208	0.445324	0.04859496
220.8954832	2.39310816	2.46505376	0.0820968	0.3012608	0.45658	0.055722195
218.153076	2.42041728	2.79668688	0.065412	0.2390096	0.4716944	0.057675885
158.253296	2.4209088	2.59195352	0.0568368	0.2552792	0.5184464	0.05123493
95.772516	2.44624128	3.22439104	0.0533868	0.262996	0.4590832	0.055749585
89.2042848	2.50100256	4.74111144	0.0355728	0.2548472	0.643508	0.057787665
225.1974856	2.44133088	3.03483856	0.0471456	0.254996	0.4872888	0.057565935
109.0603024	2.41061088	3.37508808	0.0656868	0.329452	0.417424	0.043122525
137.6158328	2.40449664	4.58215576	0.072726	0.2461264	0.367928	0.04717782
142.0880736	2.43243168	4.24038368	0.0516708	0.3024976	0.477924	0.052229985
231.2503664	2.41062432	3.3910448	0.0660276	0.2315512	0.4682168	0.05825331
231.2503664	2.41062432	3.3910448	0.0660276	0.2315512	0.4682168	0.05825331
211.8666504	2.3874432	2.46505168	0.0946284	0.2414104	0.483744	0.057583665
224.3152832	2.40965952	3.18591624	0.0700152	0.2252608	0.4574376	0.058063605
117.7376832	2.40312768	4.3206228	0.0710184	0.279004	0.338484	0.048955035
117.7376832	2.40312768	4.3206228	0.0710184	0.279004	0.338484	0.048955035
159.8874264	2.42142528	2.69764664	0.0569028	0.2624584	0.520608	0.051542715
168.801172	2.41883808	3.14436616	0.0571932	0.3254176	0.5243672	0.05238768
210.0163576	2.3867904	2.36742064	0.0950844	0.2666496	0.4723352	0.05706723
165.48866	2.40466176	3.77679016	0.064434	0.3248216	0.4796688	0.05435199
127.987732	2.41643136	4.8819888	0.0748032	0.2513064	0.3237416	0.05318019
153.596228	2.4569424	4.4943236	0.0455436	0.297032	0.5047304	0.038771685
196.1645504	2.42393472	2.97191128	0.0915096	0.2374384	0.4936856	0.055639665
121.6572024	2.4164016	3.69955248	0.0691332	0.3070648	0.4095976	0.04104723
142.0369264	2.43644352	3.60293752	0.0636468	0.3011592	0.4519296	0.038593575
146.6765744	2.45344224	4.31059512	0.0442296	0.305692	0.5106064	0.037638525
132.0752688	2.4242976	4.94269672	0.080166	0.2390384	0.2950864	0.0563472
206.917432	2.42078016	2.86383656	0.079596	0.226236	0.4948464	0.05641437
140.0585696	2.42292288	3.82670496	0.0352476	0.2591616	0.4508632	0.047887755
141.20426	2.42829888	4.2682588	0.0735672	0.2302688	0.2945176	0.057726915
220.856128	2.39341824	2.59045176	0.0881112	0.2266928	0.4859544	0.057835515
179.0519896	2.4103008	3.12546832	0.0273336	0.196412	0.6214736	0.051597525
163.8047488	2.43102912	3.21290216	0.033714	0.2964344	0.5481368	0.05113161
140.0243528	2.41877088	3.77732056	0.0407508	0.2541904	0.4462808	0.046788495
119.2909056	2.44441824	2.64809792	0.045504	0.3351168	0.5255672	0.040411545
119.2909056	2.44441824	2.64809792	0.045504	0.3351168	0.5255672	0.040411545
98.0832456	2.42829504	4.48858592	0.0641664	0.2610136	0.3611728	0.0553815
98.0832456	2.42829504	4.48858592	0.0641664	0.2610136	0.3611728	0.0553815
123.4706544	2.40617568	4.51260368	0.0691644	0.266956	0.370908	0.04783164
144.4209232	2.43125664	4.876976	0.0744924	0.2262928	0.2930048	0.058529715
169.0479984	2.40415008	3.41291808	0.0875556	0.1983208	0.430472	0.05586303
129.7332152	2.4238512	4.88565272	0.0803376	0.2394056	0.2978888	0.056034705
83.2103944	2.4674496	3.97940192	0.0406284	0.2889408	0.603388	0.05798046
113.8938232	2.41664256	5.71968904	0.0703776	0.2216304	0.3724768	0.055658955
125.6925296	2.444184	3.77361192	0.0523068	0.2435856	0.480296	0.045998325
118.6919552	2.42687424	3.32611968	0.0516516	0.2578112	0.4466112	0.053594325
112.6848632	2.431032	3.39863264	0.0468432	0.2466032	0.453288	0.051526965
128.0980832	2.43235872	5.15668608	0.0429732	0.2479744	0.4362888	0.04862583
